[
 {rabbit, [
           {ssl_listeners, [5671]},
           {ssl_options, [
                          {verify, verify_peer},
                          {fail_if_no_peer_cert, false},
                          {cacerts, [<<48,130,3,132,48,130,2,108,160,3,2,1,2,2,20,51,255,249,135,171,98,251,240,190,126,235,210,143,15,31,39,107,243,220,175,48,13,6,9,42,134,72,134,247,13,1,1,11,5,0,48,75,49,58,48,56,6,3,85,4,3,12,49,84,76,83,71,101,110,83,101,108,102,83,105,103,110,101,100,82,111,111,116,67,65,32,50,48,50,53,45,49,48,45,50,50,84,48,56,58,50,52,58,53,50,46,48,52,49,51,54,53,49,13,48,11,6,3,85,4,7,12,4,36,36,36,36,48,30,23,13,50,53,49,48,50,50,49,53,50,52,53,50,90,23,13,51,53,49,48,50,48,49,53,50,52,53,50,90,48,75,49,58,48,56,6,3,85,4,3,12,49,84,76,83,71,101,110,83,101,108,102,83,105,103,110,101,100,82,111,111,116,67,65,32,50,48,50,53,45,49,48,45,50,50,84,48,56,58,50,52,58,53,50,46,48,52,49,51,54,53,49,13,48,11,6,3,85,4,7,12,4,36,36,36,36,48,130,1,34,48,13,6,9,42,134,72,134,247,13,1,1,1,5,0,3,130,1,15,0,48,130,1,10,2,130,1,1,0,166,194,252,166,86,178,111,120,193,208,70,104,21,162,173,125,129,194,13,87,139,136,90,36,178,134,72,114,14,27,254,73,62,208,233,111,68,182,68,125,78,44,247,49,133,74,100,119,155,181,146,23,33,64,224,77,176,154,110,200,165,155,244,177,78,138,179,120,9,111,214,72,26,15,8,204,65,40,183,169,126,96,85,46,87,247,139,5,37,166,175,71,208,208,217,173,111,142,171,16,23,148,194,100,172,86,197,27,63,178,76,17,51,174,199,145,191,69,9,206,247,135,128,202,167,28,99,33,71,142,232,22,60,47,77,168,23,59,29,93,159,62,82,87,202,56,120,216,95,21,120,0,82,150,16,107,13,189,243,61,214,27,7,164,170,119,238,103,50,24,48,132,161,156,128,10,113,128,191,71,216,143,191,14,250,172,40,104,178,34,230,74,53,128,126,44,170,217,19,26,59,106,103,61,15,142,88,127,236,202,139,189,199,96,201,243,112,82,2,135,116,180,102,19,130,0,160,38,59,238,24,205,111,55,234,113,146,194,143,190,26,232,253,178,202,71,19,127,197,58,203,175,234,222,125,109,2,3,1,0,1,163,96,48,94,48,15,6,3,85,29,19,1,1,255,4,5,48,3,1,1,255,48,11,6,3,85,29,15,4,4,3,2,1,6,48,29,6,3,85,29,14,4,22,4,20,113,177,41,159,198,144,127,151,119,51,106,55,81,250,203,232,232,10,63,20,48,31,6,3,85,29,35,4,24,48,22,128,20,113,177,41,159,198,144,127,151,119,51,106,55,81,250,203,232,232,10,63,20,48,13,6,9,42,134,72,134,247,13,1,1,11,5,0,3,130,1,1,0,135,177,118,90,174,84,75,91,8,204,212,136,7,115,154,211,2,188,6,18,20,230,32,159,70,32,78,150,183,42,223,67,203,53,113,196,44,31,69,102,1,69,147,174,134,145,119,196,222,74,241,101,30,220,3,127,194,159,140,174,56,46,99,122,52,47,254,247,53,206,133,143,196,198,146,224,76,144,45,89,74,187,32,86,243,65,245,240,118,8,182,88,185,211,216,17,97,87,34,116,31,135,134,180,107,74,156,161,170,122,184,129,116,156,182,16,174,11,240,74,173,174,2,255,189,64,12,148,19,80,104,57,184,32,74,232,32,183,107,22,51,223,79,142,213,72,250,183,165,50,251,163,82,250,103,9,54,11,74,192,159,174,41,250,160,65,21,216,132,9,19,154,106,124,36,249,253,25,197,179,10,18,45,239,20,148,125,250,88,43,131,131,70,247,36,86,5,153,30,27,196,75,75,64,251,250,249,32,26,95,140,230,101,34,227,244,6,177,172,78,237,153,118,232,55,172,74,220,234,161,137,185,4,246,174,78,188,138,215,250,140,86,235,49,166,154,169,134,35,33,58,204,183,180,32,87>>]},
                          {certfile, "@CERTFILE@"},
                          {keyfile, "@KEYFILE@"}
                         ]}
          ]}
].
